img_patch_size: 256
focal_length: 5000
img_mean: [0.485, 0.456, 0.406]
img_std: [0.229, 0.224, 0.225]
bbox_shape: null